image: map_with_shelves.pgm
resolution: 0.050000
origin: [-0.803730, -7.668677, 0.000000]
negate: 0
occupied_thresh: 0.65
free_thresh: 0.196

